function [DX25 DX50 DX100 DX200 DX400 DX800 DX1600 ...
			DX1047 DX1057 DX1067 DX1087 DX1077]=POSITIONS()
% This Script defines the Mesh Positions in the Array X(i)
% help on
DX25=1.0/25.0;
DX50=1.0/50.0;
DX100=1.0/100.0;
DX200=1.0/200.0;
DX400=1.0/400.0;
DX800=1.0/800.0;
DX1600=1.0/1600.0;
DX1047=1.0/130.0;
DX1057=1.0/260.0;
DX1067=1.0/12500.0;
DX1087=124.0/(30.0*125.0);
DX1077=1.0/DX1087;
end
% End of nested m-file.